dat <- structure(
  list(year = 1947:1971,
       cost = c(182.373001098633, 183.160995483398,
                186.533004760742, 221.710006713867, 255.945007324219, 264.699005126953,
                291.160003662109, 274.457000732422, 308.907989501953, 328.286010742188,
                338.632995605469, 323.317993164062, 358.434997558594, 366.251007080078,
                366.161987304688, 390.667999267578, 412.18798828125, 433.768005371094,
                474.968994140625, 521.291015625, 540.940979003906, 585.447021484375,
                630.450012207031, 623.466003417969, 658.234985351562),
       s_k = c(0.0510700009763241,
               0.05816999822855, 0.0460200011730194, 0.0499100014567375, 0.050390001386404,
               0.0491599999368191, 0.0472799986600876, 0.0563500002026558, 0.0525799989700317,
               0.0460399985313416, 0.050330001860857, 0.0601500011980534, 0.0618500001728535,
               0.0578799992799759, 0.0590300001204014, 0.0557800009846687, 0.0560100004076958,
               0.0545199997723103, 0.0546699985861778, 0.0546000003814697, 0.0544300004839897,
               0.0575800016522408, 0.0540999993681908, 0.0525499992072582, 0.0467500016093254
       ),
       s_l = c(0.247270002961159, 0.277159988880157, 0.259110003709793,
               0.247940003871918, 0.254869997501373, 0.266550004482269, 0.268319994211197,
               0.271670013666153, 0.264649987220764, 0.268799990415573, 0.271840006113052,
               0.272830009460449, 0.273030012845993, 0.277379989624023, 0.278389990329742,
               0.282799988985062, 0.279680013656616, 0.283430010080338, 0.279960006475449,
               0.283630013465881, 0.286460012197495, 0.288830012083054, 0.290309995412827,
               0.297549992799759, 0.28905001282692),
       s_e = c(0.0425300002098083,
               0.0512700006365776, 0.0507499985396862, 0.046059999614954, 0.044819999486208,
               0.044599998742342, 0.0436899997293949, 0.0478699989616871, 0.0451700016856194,
               0.0457599982619286, 0.048200000077486, 0.048360001295805, 0.0456300005316734,
               0.0458500012755394, 0.046399999409914, 0.0452999994158745, 0.0447000004351139,
               0.043919999152422, 0.0411400012671947, 0.0401399992406368, 0.0407399982213974,
               0.0397100001573563, 0.0396299995481968, 0.0434800013899803, 0.0447899997234344
       ),
       s_m = c(0.659129977226257, 0.613399982452393, 0.644110023975372,
               0.656090021133423, 0.649919986724854, 0.639689981937408, 0.64070999622345,
               0.624109983444214, 0.637600004673004, 0.639400005340576, 0.629620015621185,
               0.618860006332397, 0.619480013847351, 0.618889987468719, 0.616169989109039,
               0.616129994392395, 0.619620025157928, 0.618139982223511, 0.624230027198792,
               0.621630012989044, 0.618369996547699, 0.613879978656769, 0.615970015525818,
               0.60641998052597, 0.619400024414062),
       pk = c(1, 1.00269997119904,
              0.743709981441498, 0.924969971179962, 1.0487699508667, 0.997439980506897,
              1.00653004646301, 1.08756995201111, 1.10315001010895, 0.996060013771057,
              1.06321001052856, 1.15619003772736, 1.30757999420166, 1.25413000583649,
              1.26328003406525, 1.26524996757507, 1.32293999195099, 1.32798004150391,
              1.4065899848938, 1.45099997520447, 1.3861700296402, 1.49900996685028,
              1.44956994056702, 1.32464003562927, 1.20176994800568),
       pl = c(1,
              1.15456998348236, 1.15584003925323, 1.23535001277924, 1.33783996105194,
              1.37949001789093, 1.43457996845245, 1.45361995697021, 1.51119995117188,
              1.58185994625092, 1.64640998840332, 1.67388999462128, 1.73430001735687,
              1.78279995918274, 1.81976997852325, 1.88531005382538, 1.9337899684906,
              2.00997996330261, 2.05538988113403, 2.13440990447998, 2.20616006851196,
              2.33869004249573, 2.46411991119385, 2.60531997680664, 2.76025009155273
       ),
       pe = c(1, 1.30257999897003, 1.19663000106812, 1.12442004680634,
              1.25179004669189, 1.27918994426727, 1.27505004405975, 1.30356001853943,
              1.3427699804306, 1.37153995037079, 1.38010001182556, 1.39338004589081,
              1.36756002902985, 1.38024997711182, 1.37629997730255, 1.37688994407654,
              1.34737002849579, 1.38969004154205, 1.38635003566742, 1.40102005004883,
              1.391970038414, 1.43387997150421, 1.46481001377106, 1.4590699672699,
              1.64689004421234),
       pm = c(1, 1.05525004863739, 1.0662499666214,
              1.12430000305176, 1.21694004535675, 1.19960999488831, 1.19044005870819,
              1.20612001419067, 1.23835003376007, 1.29335999488831, 1.30702996253967,
              1.32699000835419, 1.30773997306824, 1.33946001529694, 1.34318995475769,
              1.34745001792908, 1.33142995834351, 1.35196995735168, 1.37541997432709,
              1.41877996921539, 1.42428004741669, 1.43481004238129, 1.53356003761292,
              1.5475800037384, 1.54978001117706)),
  .Names = c("year", "cost",
             "s_k", "s_l", "s_e", "s_m", "pk", "pl", "pe", "pm"),
  row.names = c(NA,
                25L),
  class = "data.frame")
