dat <- structure(
  list(
    time = c(0, 1, 2, 3, 4, 5, 6, 7, 8, 9, 10, 11,
             12, 13, 14, 15, 16, 17, 18, 19, 20, 21, 22, 23, 24),
    p1 = c(0.400000005960464,
           0.46000000834465, 0.389999985694885, 0.670000016689301, 1.11000001430511,
           0.660000026226044, 0.0199999995529652, 1.76999998092651, 0.839999973773956,
           0.819999992847443, 0.620000004768372, 1.12000000476837, 1, 1.62999999523163,
           2.21000003814697, 1.94000005722046, 2.05999994277954, 3.19000005722046,
           2.8199999332428, 4.40000009536743, 3.61999988555908, 4.8600001335144,
           4.59999990463257, 5.03000020980835, 5.53999996185303),
    p2 = c(0.689999997615814,
           0.810000002384186, 0.439999997615814, 0.889999985694885, 0.589999973773956,
           0.699999988079071, 0.370000004768372, 1.51999998092651, 1.02999997138977,
           0.790000021457672, 1.52999997138977, 0.839999973773956, 1.5,
           2.11999988555908, 1.76999998092651, 2.52999997138977, 2.04999995231628,
           3.1800000667572, 2.79999995231628, 3.07999992370605, 4.6399998664856,
           3.92000007629395, 4.05999994277954, 4.96000003814697, 4.84000015258789
    )),
  .Names = c("time", "p1", "p2"),
  row.names = c(NA, 25L),
  class = "data.frame")
